Window Start	Percent Identity
1	91.00
2	90.00
3	90.00
4	90.00
5	90.00
6	89.00
7	89.00
8	89.00
9	89.00
10	89.00
11	89.00
12	89.00
13	89.00
14	89.00
15	88.00
16	87.00
17	87.00
18	87.00
19	87.00
20	87.00
21	87.00
22	87.00
23	87.00
24	86.00
25	86.00
26	86.00
27	85.00
28	85.00
29	85.00
30	85.00
31	85.00
32	84.00
33	84.00
34	84.00
35	85.00
36	85.00
37	85.00
38	85.00
39	85.00
40	85.00
41	86.00
42	86.00
43	86.00
44	86.00
45	87.00
46	87.00
47	87.00
48	87.00
49	87.00
50	87.00
51	87.00
52	87.00
53	87.00
54	87.00
55	87.00
56	86.00
57	86.00
58	85.00
59	85.00
60	84.00
61	84.00
62	84.00
63	83.00
64	83.00
65	82.00
66	81.00
67	81.00
68	81.00
69	81.00
70	80.00
71	80.00
72	80.00
73	79.00
74	79.00
75	79.00
76	78.00
77	78.00
78	77.00
79	76.00
80	75.00
81	74.00
82	74.00
83	74.00
84	74.00
85	74.00
86	73.00
87	72.00
88	72.00
89	72.00
90	72.00
91	72.00
92	71.00
93	70.00
94	71.00
95	70.00
96	69.00
97	69.00
98	70.00
99	70.00
100	70.00
101	70.00
102	70.00
103	69.00
104	69.00
105	69.00
106	70.00
107	70.00
108	69.00
109	69.00
110	69.00
111	69.00
112	68.00
113	67.00
114	67.00
115	68.00
116	69.00
117	68.00
118	67.00
119	67.00
120	66.00
121	65.00
122	65.00
123	65.00
124	65.00
125	65.00
126	65.00
127	66.00
128	66.00
129	66.00
130	66.00
131	66.00
132	67.00
133	67.00
134	67.00
135	67.00
136	67.00
137	67.00
138	67.00
139	67.00
140	67.00
141	67.00
142	67.00
143	67.00
144	67.00
145	67.00
146	67.00
147	67.00
148	67.00
149	67.00
150	66.00
151	66.00
152	66.00
153	66.00
154	66.00
155	66.00
156	67.00
157	67.00
158	68.00
159	69.00
160	69.00
161	69.00
162	69.00
163	70.00
164	70.00
165	71.00
166	72.00
167	71.00
168	71.00
169	70.00
170	71.00
171	71.00
172	70.00
173	71.00
174	70.00
175	70.00
176	71.00
177	71.00
178	72.00
179	72.00
180	72.00
181	73.00
182	73.00
183	73.00
184	73.00
185	73.00
186	74.00
187	75.00
188	75.00
189	75.00
190	74.00
191	74.00
192	75.00
193	75.00
194	75.00
195	76.00
196	77.00
197	77.00
198	77.00
199	77.00
200	77.00
201	78.00
202	78.00
203	78.00
204	77.00
205	77.00
206	77.00
207	77.00
208	78.00
209	77.00
210	77.00
211	76.00
212	77.00
213	77.00
214	77.00
215	76.00
216	75.00
217	75.00
218	76.00
219	76.00
220	77.00
221	78.00
222	78.00
223	78.00
224	78.00
225	78.00
226	78.00
227	78.00
228	77.00
229	76.00
230	76.00
231	76.00
232	75.00
233	75.00
234	74.00
235	73.00
236	73.00
237	73.00
238	73.00
239	73.00
240	73.00
241	72.00
242	72.00
243	71.00
244	70.00
245	69.00
246	69.00
247	69.00
248	69.00
249	69.00
250	70.00
251	69.00
252	68.00
253	68.00
254	68.00
255	68.00
256	68.00
257	68.00
258	68.00
259	67.00
260	68.00
261	68.00
262	68.00
263	68.00
264	68.00
265	68.00
266	68.00
267	69.00
268	69.00
269	70.00
270	70.00
271	70.00
272	71.00
273	71.00
274	71.00
275	70.00
276	70.00
277	71.00
278	71.00
279	72.00
280	72.00
281	72.00
282	73.00
283	73.00
284	73.00
285	73.00
286	73.00
287	73.00
288	73.00
289	73.00
290	74.00
291	74.00
292	74.00
293	75.00
294	75.00
295	74.00
296	74.00
297	74.00
298	74.00
299	74.00
300	74.00
301	74.00
302	75.00
303	76.00
304	76.00
305	76.00
306	76.00
307	75.00
308	75.00
309	76.00
310	76.00
311	77.00
312	77.00
313	78.00
314	78.00
315	79.00
316	80.00
317	81.00
318	81.00
319	81.00
320	81.00
321	81.00
322	81.00
323	81.00
324	82.00
325	82.00
326	82.00
327	82.00
328	83.00
329	84.00
330	84.00
331	84.00
332	85.00
333	85.00
334	86.00
335	87.00
336	87.00
337	86.00
338	86.00
339	86.00
340	86.00
341	87.00
342	87.00
343	87.00
344	88.00
345	89.00
346	89.00
347	89.00
348	89.00
349	89.00
350	89.00
351	90.00
352	91.00
353	91.00
354	91.00
355	91.00
356	91.00
357	91.00
358	91.00
359	92.00
360	92.00
361	92.00
362	92.00
363	92.00
364	92.00
365	92.00
366	92.00
367	92.00
368	92.00
369	92.00
370	92.00
371	91.00
372	91.00
373	91.00
374	92.00
375	92.00
376	92.00
377	92.00
378	92.00
379	92.00
380	93.00
381	93.00
382	92.00
383	92.00
384	92.00
385	92.00
386	92.00
387	92.00
388	92.00
389	92.00
390	92.00
391	92.00
392	92.00
393	92.00
394	91.00
395	91.00
396	91.00
397	91.00
398	91.00
399	91.00
400	91.00
401	91.00
402	91.00
403	91.00
404	91.00
405	91.00
406	91.00
407	91.00
408	90.00
409	90.00
410	90.00
411	89.00
412	88.00
413	88.00
414	88.00
415	88.00
416	88.00
417	88.00
418	88.00
419	88.00
420	88.00
421	88.00
422	87.00
423	87.00
424	87.00
425	87.00
426	87.00
427	87.00
428	86.00
429	86.00
430	86.00
431	86.00
432	86.00
433	86.00
434	86.00
435	86.00
436	86.00
437	87.00
438	87.00
439	86.00
440	86.00
441	86.00
442	86.00
443	87.00
444	87.00
445	87.00
446	87.00
447	87.00
448	87.00
449	86.00
450	86.00
451	85.00
452	85.00
453	85.00
454	85.00
455	85.00
456	85.00
457	85.00
458	85.00
459	85.00
460	85.00
461	85.00
462	85.00
463	85.00
464	85.00
465	85.00
466	85.00
467	85.00
468	85.00
469	85.00
470	85.00
471	86.00
472	86.00
473	86.00
474	86.00
475	87.00
476	87.00
477	87.00
478	87.00
479	87.00
480	86.00
481	86.00
482	87.00
483	87.00
484	87.00
485	87.00
486	87.00
487	87.00
488	87.00
489	87.00
490	87.00
491	87.00
492	87.00
493	87.00
494	88.00
495	89.00
496	89.00
497	89.00
498	89.00
499	89.00
500	89.00
501	89.00
502	89.00
503	89.00
504	90.00
505	90.00
506	90.00
507	91.00
508	92.00
509	92.00
510	92.00
511	93.00
512	93.00
513	93.00
514	93.00
515	93.00
516	93.00
517	93.00
518	93.00
519	93.00
520	93.00
521	93.00
522	94.00
523	94.00
524	94.00
525	94.00
526	93.00
527	92.00
528	93.00
529	93.00
530	93.00
531	93.00
532	93.00
533	93.00
534	93.00
535	92.00
536	92.00
537	92.00
538	92.00
539	93.00
540	93.00
541	93.00
542	93.00
543	93.00
544	93.00
545	93.00
546	93.00
547	93.00
548	93.00
549	94.00
550	94.00
551	95.00
552	95.00
553	95.00
554	95.00
555	95.00
556	94.00
557	94.00
558	94.00
559	94.00
560	94.00
561	94.00
562	94.00
563	94.00
564	94.00
565	93.00
566	93.00
567	93.00
568	93.00
569	93.00
570	92.00
571	92.00
572	92.00
573	92.00
574	91.00
575	91.00
576	91.00
577	91.00
578	91.00
579	91.00
580	92.00
581	91.00
582	91.00
583	91.00
584	90.00
585	90.00
586	89.00
587	89.00
588	88.00
589	88.00
590	88.00
591	88.00
592	88.00
593	88.00
594	88.00
595	88.00
596	88.00
597	88.00
598	88.00
599	88.00
600	88.00
601	87.00
602	87.00
603	86.00
604	86.00
605	86.00
606	86.00
607	86.00
608	86.00
609	86.00
610	86.00
611	86.00
612	87.00
613	87.00
614	87.00
615	87.00
616	87.00
617	86.00
618	86.00
619	86.00
620	86.00
621	86.00
622	86.00
623	86.00
624	86.00
625	86.00
626	86.00
627	87.00
628	86.00
629	85.00
630	84.00
631	84.00
632	84.00
633	83.00
634	83.00
635	84.00
636	84.00
637	84.00
638	83.00
639	83.00
640	83.00
641	83.00
642	83.00
643	83.00
644	83.00
645	83.00
646	83.00
647	83.00
648	83.00
649	83.00
650	83.00
651	83.00
652	83.00
653	83.00
654	83.00
655	83.00
656	83.00
657	83.00
658	83.00
659	83.00
660	83.00
661	82.00
662	82.00
663	82.00
664	82.00
665	83.00
666	83.00
667	83.00
668	83.00
669	83.00
670	84.00
671	84.00
672	84.00
673	84.00
674	85.00
675	85.00
676	85.00
677	84.00
678	84.00
679	84.00
680	84.00
681	85.00
682	84.00
683	84.00
684	85.00
685	85.00
686	86.00
687	86.00
688	87.00
689	87.00
690	87.00
691	86.00
692	85.00
693	85.00
694	84.00
695	83.00
696	82.00
697	81.00
698	81.00
699	81.00
700	81.00
701	82.00
702	82.00
703	83.00
704	83.00
705	83.00
706	83.00
707	82.00
708	82.00
709	81.00
710	80.00
711	80.00
712	80.00
713	80.00
714	80.00
715	80.00
716	80.00
717	81.00
718	81.00
719	81.00
720	81.00
721	81.00
722	81.00
723	81.00
724	81.00
725	81.00
726	82.00
727	82.00
728	82.00
729	83.00
730	84.00
731	84.00
732	84.00
733	85.00
734	85.00
735	85.00
736	85.00
737	85.00
738	86.00
739	86.00
740	85.00
741	85.00
742	84.00
743	84.00
744	84.00
745	84.00
746	84.00
747	84.00
748	83.00
749	82.00
750	82.00
751	82.00
752	82.00
753	82.00
754	82.00
755	82.00
756	83.00
757	82.00
758	82.00
759	81.00
760	81.00
761	82.00
762	82.00
763	82.00
764	82.00
765	82.00
766	82.00
767	82.00
768	82.00
769	82.00
770	82.00
771	82.00
772	81.00
773	81.00
774	81.00
775	81.00
776	81.00
777	81.00
778	81.00
779	81.00
780	80.00
781	80.00
782	81.00
783	81.00
784	81.00
785	81.00
786	81.00
787	80.00
788	80.00
789	80.00
790	80.00
791	81.00
792	82.00
793	82.00
794	83.00
795	84.00
796	84.00
797	85.00
798	85.00
799	85.00
800	85.00
801	85.00
802	85.00
803	85.00
804	85.00
805	85.00
806	85.00
807	86.00
808	86.00
809	87.00
810	88.00
811	88.00
812	88.00
813	88.00
814	87.00
815	87.00
816	87.00
817	87.00
818	87.00
819	87.00
820	87.00
821	87.00
822	87.00
823	87.00
824	87.00
825	87.00
826	86.00
827	86.00
828	87.00
829	87.00
830	87.00
831	87.00
832	87.00
833	87.00
834	87.00
835	87.00
836	87.00
837	87.00
838	86.00
839	86.00
840	87.00
841	86.00
842	86.00
843	86.00
844	86.00
845	86.00
846	86.00
847	86.00
848	87.00
849	87.00
850	87.00
851	87.00
852	87.00
853	86.00
854	86.00
855	86.00
856	85.00
857	85.00
858	85.00
859	85.00
860	85.00
861	84.00
862	83.00
863	83.00
864	83.00
865	82.00
866	82.00
867	82.00
868	82.00
869	82.00
870	82.00
871	82.00
872	83.00
873	83.00
874	82.00
875	82.00
876	82.00
877	82.00
878	82.00
879	82.00
880	83.00
881	83.00
882	83.00
883	82.00
884	82.00
885	82.00
886	82.00
887	83.00
888	83.00
889	83.00
890	83.00
891	83.00
892	82.00
893	81.00
894	81.00
895	80.00
896	81.00
897	81.00
898	81.00
899	81.00
900	81.00
901	81.00
902	81.00
903	81.00
904	81.00
905	81.00
906	81.00
907	80.00
908	80.00
909	80.00
910	80.00
911	79.00
912	79.00
913	79.00
914	79.00
915	79.00
916	78.00
917	78.00
918	78.00
919	78.00
920	78.00
921	78.00
922	77.00
923	77.00
924	77.00
925	76.00
926	77.00
927	77.00
928	76.00
929	76.00
930	76.00
931	75.00
932	75.00
933	75.00
934	75.00
935	75.00
936	75.00
937	74.00
938	75.00
939	75.00
940	75.00
941	76.00
942	77.00
943	77.00
944	77.00
945	77.00
946	77.00
947	77.00
948	77.00
949	77.00
950	77.00
951	77.00
952	77.00
953	78.00
954	78.00
955	78.00
956	79.00
957	80.00
958	80.00
959	81.00
960	81.00
961	82.00
962	83.00
963	83.00
964	83.00
965	84.00
966	84.00
967	83.00
968	83.00
969	83.00
970	83.00
971	83.00
972	83.00
973	83.00
974	84.00
975	84.00
976	84.00
977	85.00
978	85.00
979	85.00
980	85.00
981	85.00
982	84.00
983	85.00
984	85.00
985	85.00
986	85.00
987	85.00
988	85.00
989	85.00
990	85.00
991	84.00
992	85.00
993	86.00
994	86.00
995	86.00
996	86.00
997	86.00
998	86.00
999	86.00
1000	86.00
1001	86.00
1002	86.00
1003	86.00
1004	86.00
1005	86.00
1006	86.00
1007	87.00
1008	87.00
1009	87.00
1010	87.00
1011	88.00
1012	88.00
1013	88.00
1014	89.00
1015	89.00
1016	90.00
1017	90.00
1018	90.00
1019	90.00
1020	90.00
1021	90.00
1022	91.00
1023	91.00
1024	91.00
1025	92.00
1026	92.00
1027	92.00
1028	93.00
1029	93.00
1030	92.00
1031	93.00
1032	93.00
1033	92.00
1034	91.00
1035	91.00
1036	90.00
1037	91.00
1038	91.00
1039	91.00
1040	91.00
1041	91.00
1042	90.00
1043	90.00
1044	90.00
1045	89.00
1046	89.00
1047	89.00
1048	88.00
1049	88.00
1050	88.00
1051	88.00
1052	88.00
1053	88.00
1054	87.00
1055	87.00
1056	87.00
1057	87.00
1058	87.00
1059	87.00
1060	86.00
1061	86.00
1062	86.00
1063	86.00
1064	86.00
1065	86.00
1066	86.00
1067	87.00
1068	87.00
1069	86.00
1070	86.00
1071	86.00
1072	86.00
1073	86.00
1074	86.00
1075	86.00
1076	86.00
1077	86.00
1078	86.00
1079	86.00
1080	86.00
1081	86.00
1082	87.00
1083	87.00
1084	87.00
1085	87.00
1086	87.00
1087	87.00
1088	87.00
1089	87.00
1090	87.00
1091	88.00
1092	88.00
1093	88.00
1094	88.00
1095	89.00
1096	89.00
1097	89.00
1098	89.00
1099	89.00
1100	89.00
1101	89.00
1102	89.00
1103	89.00
1104	89.00
1105	88.00
1106	88.00
1107	88.00
1108	87.00
1109	87.00
1110	87.00
1111	87.00
1112	87.00
1113	87.00
1114	87.00
1115	87.00
1116	87.00
1117	87.00
1118	87.00
1119	87.00
1120	87.00
1121	87.00
1122	87.00
1123	87.00
1124	87.00
1125	87.00
1126	86.00
1127	86.00
1128	86.00
1129	86.00
1130	87.00
1131	87.00
1132	87.00
1133	88.00
1134	89.00
1135	89.00
1136	90.00
1137	90.00
1138	89.00
1139	89.00
1140	89.00
1141	88.00
1142	89.00
1143	89.00
1144	88.00
1145	89.00
1146	88.00
1147	87.00
1148	87.00
1149	88.00
1150	88.00
1151	88.00
1152	88.00
1153	88.00
1154	89.00
1155	89.00
1156	88.00
1157	88.00
1158	88.00
1159	88.00
1160	89.00
1161	89.00
1162	89.00
1163	89.00
1164	89.00
1165	89.00
1166	89.00
1167	89.00
1168	89.00
1169	90.00
1170	90.00
1171	89.00
1172	89.00
1173	89.00
1174	88.00
1175	88.00
1176	88.00
1177	88.00
1178	88.00
1179	88.00
1180	88.00
1181	88.00
1182	88.00
1183	88.00
1184	88.00
1185	88.00
1186	87.00
1187	87.00
1188	86.00
1189	86.00
1190	86.00
1191	85.00
1192	85.00
1193	85.00
1194	85.00
1195	85.00
1196	85.00
1197	85.00
1198	84.00
1199	84.00
1200	84.00
1201	84.00
1202	84.00
1203	84.00
1204	84.00
1205	85.00
1206	85.00
1207	85.00
1208	86.00
1209	86.00
1210	86.00
1211	86.00
1212	86.00
1213	86.00
1214	86.00
1215	86.00
1216	86.00
1217	86.00
1218	86.00
1219	85.00
1220	85.00
1221	85.00
1222	85.00
1223	85.00
1224	85.00
1225	84.00
1226	85.00
1227	85.00
1228	85.00
1229	84.00
1230	83.00
1231	83.00
1232	83.00
1233	83.00
1234	83.00
1235	83.00
1236	83.00
1237	83.00
1238	84.00
1239	84.00
1240	83.00
1241	83.00
1242	83.00
1243	83.00
1244	83.00
1245	83.00
1246	83.00
1247	83.00
1248	84.00
1249	84.00
1250	84.00
1251	84.00
1252	84.00
1253	84.00
1254	84.00
1255	83.00
1256	83.00
1257	83.00
1258	82.00
1259	82.00
1260	82.00
1261	82.00
1262	82.00
1263	81.00
1264	81.00
1265	80.00
1266	79.00
1267	78.00
1268	78.00
1269	78.00
1270	78.00
1271	79.00
1272	79.00
1273	79.00
1274	80.00
1275	80.00
1276	80.00
1277	80.00
1278	79.00
1279	78.00
1280	78.00
1281	78.00
1282	78.00
1283	78.00
1284	77.00
1285	77.00
1286	78.00
1287	77.00
1288	78.00
1289	78.00
1290	78.00
1291	79.00
1292	79.00
1293	78.00
1294	77.00
1295	77.00
1296	77.00
1297	77.00
1298	78.00
1299	78.00
1300	78.00
1301	78.00
1302	77.00
1303	77.00
1304	77.00
1305	77.00
1306	77.00
1307	77.00
1308	77.00
1309	77.00
1310	76.00
1311	76.00
1312	76.00
1313	76.00
1314	75.00
1315	75.00
1316	74.00
1317	74.00
1318	74.00
1319	74.00
1320	74.00
1321	74.00
1322	74.00
1323	74.00
1324	74.00
1325	75.00
1326	75.00
1327	75.00
1328	74.00
1329	75.00
1330	76.00
1331	76.00
1332	76.00
1333	76.00
1334	76.00
1335	76.00
1336	76.00
1337	76.00
1338	76.00
1339	76.00
1340	76.00
1341	76.00
1342	75.00
1343	74.00
1344	75.00
1345	75.00
1346	76.00
1347	76.00
1348	75.00
1349	75.00
1350	75.00
1351	74.00
1352	73.00
1353	72.00
1354	72.00
1355	73.00
1356	74.00
1357	74.00
1358	75.00
1359	74.00
1360	74.00
1361	74.00
1362	74.00
1363	75.00
1364	75.00
1365	76.00
1366	77.00
1367	78.00
1368	78.00
1369	78.00
1370	78.00
1371	78.00
1372	78.00
1373	78.00
1374	78.00
1375	78.00
