Window Start	Percent Identity
1	91.00
2	90.00
3	90.00
4	90.00
5	90.00
6	89.00
7	89.00
8	89.00
9	89.00
10	89.00
11	89.00
12	89.00
13	89.00
14	89.00
15	88.00
16	87.00
17	87.00
18	87.00
19	87.00
20	87.00
21	87.00
22	87.00
23	87.00
24	86.00
25	86.00
26	86.00
27	85.00
28	85.00
29	85.00
30	85.00
31	85.00
32	84.00
33	84.00
34	84.00
35	85.00
36	85.00
37	85.00
38	85.00
39	85.00
40	85.00
41	86.00
42	86.00
43	86.00
44	86.00
45	87.00
46	87.00
47	87.00
48	87.00
49	87.00
50	87.00
51	87.00
52	87.00
53	87.00
54	87.00
55	87.00
56	86.00
57	86.00
58	85.00
59	85.00
60	84.00
61	84.00
62	84.00
63	83.00
64	83.00
65	82.00
66	81.00
67	81.00
68	81.00
69	81.00
70	80.00
71	80.00
72	80.00
73	79.00
74	79.00
75	79.00
76	78.00
77	78.00
78	77.00
79	76.00
80	75.00
81	74.00
82	74.00
83	74.00
84	74.00
85	74.00
86	73.00
87	72.00
88	72.00
89	72.00
90	72.00
91	72.00
92	71.00
93	70.00
94	71.00
95	70.00
96	69.00
97	69.00
98	70.00
99	70.00
100	70.00
101	70.00
102	70.00
103	69.00
104	69.00
105	69.00
106	70.00
107	70.00
108	69.00
109	69.00
110	69.00
111	69.00
112	68.00
113	67.00
114	67.00
115	68.00
116	69.00
117	68.00
118	67.00
119	67.00
120	66.00
121	65.00
122	65.00
123	65.00
124	65.00
125	65.00
126	65.00
127	66.00
128	66.00
129	65.00
130	65.00
131	65.00
132	66.00
133	66.00
134	66.00
135	66.00
136	66.00
137	66.00
138	66.00
139	65.00
140	65.00
141	65.00
142	65.00
143	65.00
144	65.00
145	65.00
146	64.00
147	64.00
148	63.00
149	63.00
150	63.00
151	62.00
152	62.00
153	61.00
154	61.00
155	61.00
156	61.00
157	61.00
158	61.00
159	61.00
160	62.00
161	61.00
162	61.00
163	62.00
164	62.00
165	63.00
166	64.00
167	64.00
168	64.00
169	63.00
170	64.00
171	64.00
172	63.00
173	64.00
174	64.00
175	64.00
176	65.00
177	66.00
178	67.00
179	68.00
180	69.00
181	69.00
182	69.00
183	68.00
184	68.00
185	68.00
186	69.00
187	70.00
188	69.00
189	69.00
190	68.00
191	68.00
192	68.00
193	69.00
194	68.00
195	68.00
196	68.00
197	68.00
198	68.00
199	68.00
200	68.00
201	69.00
202	70.00
203	70.00
204	70.00
205	70.00
206	70.00
207	69.00
208	69.00
209	69.00
210	69.00
211	68.00
212	69.00
213	69.00
214	68.00
215	68.00
216	68.00
217	69.00
218	70.00
219	70.00
220	70.00
221	71.00
222	70.00
223	69.00
224	69.00
225	69.00
226	69.00
227	69.00
228	69.00
229	70.00
230	69.00
231	68.00
232	68.00
233	68.00
234	68.00
235	68.00
236	68.00
237	68.00
238	67.00
239	68.00
240	68.00
241	68.00
242	68.00
243	68.00
244	68.00
245	68.00
246	69.00
247	69.00
248	70.00
249	70.00
250	70.00
251	71.00
252	71.00
253	71.00
254	70.00
255	70.00
256	71.00
257	71.00
258	72.00
259	72.00
260	72.00
261	73.00
262	73.00
263	73.00
264	73.00
265	73.00
266	73.00
267	73.00
268	73.00
269	74.00
270	74.00
271	74.00
272	75.00
273	75.00
274	74.00
275	74.00
276	74.00
277	74.00
278	74.00
279	74.00
280	74.00
281	75.00
282	76.00
283	76.00
284	76.00
285	76.00
286	75.00
287	75.00
288	76.00
289	76.00
290	77.00
291	77.00
292	78.00
293	78.00
294	79.00
295	80.00
296	81.00
297	81.00
298	81.00
299	81.00
300	81.00
301	81.00
302	81.00
303	82.00
304	82.00
305	82.00
306	82.00
307	83.00
308	84.00
309	84.00
310	84.00
311	85.00
312	85.00
313	86.00
314	87.00
315	87.00
316	86.00
317	86.00
318	86.00
319	86.00
320	87.00
321	87.00
322	87.00
323	88.00
324	89.00
325	89.00
326	89.00
327	89.00
328	89.00
329	89.00
330	90.00
331	91.00
332	91.00
333	91.00
334	91.00
335	91.00
336	91.00
337	91.00
338	92.00
339	92.00
340	92.00
341	92.00
342	92.00
343	92.00
344	92.00
345	92.00
346	92.00
347	92.00
348	92.00
349	92.00
350	91.00
351	91.00
352	91.00
353	92.00
354	92.00
355	92.00
356	92.00
357	92.00
358	92.00
359	93.00
360	93.00
361	92.00
362	92.00
363	92.00
364	92.00
365	92.00
366	92.00
367	92.00
368	92.00
369	92.00
370	92.00
371	92.00
372	92.00
373	91.00
374	91.00
375	91.00
376	91.00
377	91.00
378	91.00
379	91.00
380	91.00
381	91.00
382	91.00
383	91.00
384	91.00
385	91.00
386	91.00
387	90.00
388	90.00
389	90.00
390	89.00
391	88.00
392	88.00
393	88.00
394	88.00
395	88.00
396	88.00
397	88.00
398	88.00
399	88.00
400	88.00
401	87.00
402	87.00
403	87.00
404	87.00
405	87.00
406	87.00
407	86.00
408	86.00
409	86.00
410	86.00
411	86.00
412	86.00
413	86.00
414	86.00
415	86.00
416	87.00
417	87.00
418	86.00
419	86.00
420	86.00
421	86.00
422	87.00
423	87.00
424	87.00
425	87.00
426	87.00
427	87.00
428	86.00
429	86.00
430	85.00
431	85.00
432	85.00
433	85.00
434	85.00
435	85.00
436	85.00
437	85.00
438	85.00
439	85.00
440	85.00
441	85.00
442	85.00
443	85.00
444	85.00
445	85.00
446	85.00
447	85.00
448	85.00
449	85.00
450	86.00
451	86.00
452	86.00
453	86.00
454	87.00
455	87.00
456	87.00
457	87.00
458	87.00
459	86.00
460	86.00
461	87.00
462	87.00
463	87.00
464	87.00
465	87.00
466	87.00
467	87.00
468	87.00
469	87.00
470	87.00
471	87.00
472	87.00
473	88.00
474	89.00
475	89.00
476	89.00
477	89.00
478	89.00
479	89.00
480	89.00
481	89.00
482	89.00
483	90.00
484	90.00
485	90.00
486	91.00
487	92.00
488	92.00
489	92.00
490	93.00
491	93.00
492	93.00
493	93.00
494	93.00
495	93.00
496	93.00
497	93.00
498	93.00
499	93.00
500	93.00
501	94.00
502	94.00
503	94.00
504	94.00
505	93.00
506	92.00
507	93.00
508	93.00
509	93.00
510	93.00
511	93.00
512	93.00
513	93.00
514	92.00
515	92.00
516	92.00
517	92.00
518	93.00
519	93.00
520	93.00
521	93.00
522	93.00
523	93.00
524	93.00
525	93.00
526	93.00
527	93.00
528	94.00
529	94.00
530	95.00
531	95.00
532	95.00
533	95.00
534	95.00
535	94.00
536	94.00
537	94.00
538	94.00
539	94.00
540	94.00
541	94.00
542	94.00
543	94.00
544	93.00
545	93.00
546	93.00
547	93.00
548	93.00
549	92.00
550	92.00
551	92.00
552	92.00
553	91.00
554	91.00
555	91.00
556	91.00
557	91.00
558	91.00
559	92.00
560	91.00
561	91.00
562	91.00
563	90.00
564	90.00
565	89.00
566	89.00
567	88.00
568	88.00
569	88.00
570	88.00
571	88.00
572	88.00
573	88.00
574	88.00
575	88.00
576	88.00
577	88.00
578	88.00
579	88.00
580	87.00
581	87.00
582	86.00
583	86.00
584	86.00
585	86.00
586	86.00
587	86.00
588	86.00
589	86.00
590	86.00
591	87.00
592	87.00
593	87.00
594	87.00
595	87.00
596	86.00
597	86.00
598	86.00
599	86.00
600	86.00
601	86.00
602	86.00
603	86.00
604	86.00
605	86.00
606	87.00
607	86.00
608	85.00
609	84.00
610	84.00
611	84.00
612	83.00
613	83.00
614	84.00
615	84.00
616	84.00
617	83.00
618	83.00
619	83.00
620	83.00
621	83.00
622	83.00
623	83.00
624	83.00
625	83.00
626	83.00
627	83.00
628	83.00
629	83.00
630	83.00
631	83.00
632	83.00
633	83.00
634	83.00
635	83.00
636	83.00
637	83.00
638	83.00
639	83.00
640	82.00
641	82.00
642	82.00
643	82.00
644	83.00
645	83.00
646	83.00
647	83.00
648	83.00
649	84.00
650	84.00
651	84.00
652	84.00
653	85.00
654	85.00
655	85.00
656	84.00
657	84.00
658	84.00
659	84.00
660	85.00
661	84.00
662	84.00
663	85.00
664	85.00
665	86.00
666	86.00
667	87.00
668	87.00
669	87.00
670	86.00
671	85.00
672	85.00
673	84.00
674	83.00
675	82.00
676	81.00
677	81.00
678	81.00
679	81.00
680	82.00
681	82.00
682	83.00
683	83.00
684	83.00
685	83.00
686	82.00
687	82.00
688	81.00
689	80.00
690	80.00
691	80.00
692	80.00
693	80.00
694	80.00
695	80.00
696	81.00
697	81.00
698	81.00
699	81.00
700	81.00
701	81.00
702	81.00
703	81.00
704	81.00
705	82.00
706	82.00
707	82.00
708	83.00
709	84.00
710	84.00
711	84.00
712	85.00
713	85.00
714	85.00
715	85.00
716	85.00
717	86.00
718	86.00
719	85.00
720	85.00
721	84.00
722	84.00
723	84.00
724	84.00
725	84.00
726	84.00
727	83.00
728	82.00
729	82.00
730	82.00
731	82.00
732	82.00
733	82.00
734	82.00
735	83.00
736	82.00
737	82.00
738	81.00
739	81.00
740	82.00
741	82.00
742	82.00
743	82.00
744	82.00
745	82.00
746	82.00
747	82.00
748	82.00
749	82.00
750	82.00
751	81.00
752	81.00
753	81.00
754	81.00
755	81.00
756	81.00
757	81.00
758	81.00
759	80.00
760	80.00
761	81.00
762	81.00
763	81.00
764	81.00
765	81.00
766	80.00
767	80.00
768	80.00
769	80.00
770	81.00
771	82.00
772	82.00
773	83.00
774	84.00
775	84.00
776	85.00
777	85.00
778	85.00
779	85.00
780	85.00
781	85.00
782	85.00
783	85.00
784	85.00
785	85.00
786	86.00
787	86.00
788	87.00
789	88.00
790	88.00
791	88.00
792	88.00
793	87.00
794	87.00
795	87.00
796	87.00
797	87.00
798	87.00
799	87.00
800	87.00
801	87.00
802	87.00
803	87.00
804	87.00
805	86.00
806	86.00
807	87.00
808	87.00
809	87.00
810	87.00
811	87.00
812	87.00
813	87.00
814	87.00
815	87.00
816	87.00
817	86.00
818	86.00
819	87.00
820	86.00
821	86.00
822	86.00
823	86.00
824	86.00
825	86.00
826	86.00
827	87.00
828	87.00
829	87.00
830	87.00
831	87.00
832	86.00
833	86.00
834	86.00
835	85.00
836	85.00
837	85.00
838	85.00
839	85.00
840	84.00
841	83.00
842	83.00
843	83.00
844	82.00
845	82.00
846	82.00
847	82.00
848	82.00
849	82.00
850	82.00
851	83.00
852	83.00
853	82.00
854	82.00
855	82.00
856	82.00
857	82.00
858	82.00
859	83.00
860	83.00
861	83.00
862	82.00
863	82.00
864	82.00
865	82.00
866	83.00
867	83.00
868	83.00
869	83.00
870	83.00
871	82.00
872	81.00
873	81.00
874	80.00
875	81.00
876	81.00
877	81.00
878	81.00
879	81.00
880	81.00
881	81.00
882	81.00
883	81.00
884	81.00
885	81.00
886	80.00
887	80.00
888	80.00
889	80.00
890	79.00
891	79.00
892	79.00
893	79.00
894	79.00
895	78.00
896	78.00
897	78.00
898	78.00
899	78.00
900	78.00
901	77.00
902	77.00
903	77.00
904	76.00
905	77.00
906	77.00
907	76.00
908	76.00
909	76.00
910	75.00
911	75.00
912	75.00
913	75.00
914	75.00
915	75.00
916	74.00
917	75.00
918	75.00
919	75.00
920	76.00
921	77.00
922	77.00
923	77.00
924	77.00
925	77.00
926	77.00
927	77.00
928	77.00
929	77.00
930	77.00
931	77.00
932	78.00
933	78.00
934	78.00
935	79.00
936	80.00
937	80.00
938	81.00
939	81.00
940	82.00
941	83.00
942	83.00
943	83.00
944	84.00
945	84.00
946	83.00
947	83.00
948	83.00
949	83.00
950	83.00
951	83.00
952	83.00
953	84.00
954	84.00
955	84.00
956	85.00
957	85.00
958	85.00
959	85.00
960	85.00
961	84.00
962	85.00
963	85.00
964	85.00
965	85.00
966	85.00
967	85.00
968	85.00
969	85.00
970	84.00
971	85.00
972	86.00
973	86.00
974	86.00
975	86.00
976	86.00
977	86.00
978	86.00
979	86.00
980	86.00
981	86.00
982	86.00
983	86.00
984	86.00
985	86.00
986	87.00
987	87.00
988	87.00
989	87.00
990	88.00
991	88.00
992	88.00
993	89.00
994	89.00
995	90.00
996	90.00
997	90.00
998	90.00
999	90.00
1000	90.00
1001	91.00
1002	91.00
1003	91.00
1004	92.00
1005	92.00
1006	92.00
1007	93.00
1008	93.00
1009	92.00
1010	93.00
1011	93.00
1012	92.00
1013	91.00
1014	91.00
1015	90.00
1016	91.00
1017	91.00
1018	91.00
1019	91.00
1020	91.00
1021	90.00
1022	90.00
1023	90.00
1024	89.00
1025	89.00
1026	89.00
1027	88.00
1028	88.00
1029	88.00
1030	88.00
1031	88.00
1032	88.00
1033	87.00
1034	87.00
1035	87.00
1036	87.00
1037	87.00
1038	87.00
1039	86.00
1040	86.00
1041	86.00
1042	86.00
1043	86.00
1044	86.00
1045	86.00
1046	87.00
1047	87.00
1048	86.00
1049	86.00
1050	86.00
1051	86.00
1052	86.00
1053	86.00
1054	86.00
1055	86.00
1056	86.00
1057	86.00
1058	86.00
1059	86.00
1060	86.00
1061	87.00
1062	87.00
1063	87.00
1064	87.00
1065	87.00
1066	87.00
1067	87.00
1068	87.00
1069	87.00
1070	88.00
1071	88.00
1072	88.00
1073	88.00
1074	89.00
1075	89.00
1076	89.00
1077	89.00
1078	89.00
1079	89.00
1080	89.00
1081	89.00
1082	89.00
1083	89.00
1084	88.00
1085	88.00
1086	88.00
1087	87.00
1088	87.00
1089	87.00
1090	87.00
1091	87.00
1092	87.00
1093	87.00
1094	87.00
1095	87.00
1096	87.00
1097	87.00
1098	87.00
1099	87.00
1100	87.00
1101	87.00
1102	87.00
1103	87.00
1104	87.00
1105	86.00
1106	86.00
1107	86.00
1108	86.00
1109	87.00
1110	87.00
1111	87.00
1112	88.00
1113	89.00
1114	89.00
1115	90.00
1116	90.00
1117	89.00
1118	89.00
1119	89.00
1120	88.00
1121	89.00
1122	89.00
1123	88.00
1124	89.00
1125	88.00
1126	87.00
1127	87.00
1128	88.00
1129	88.00
1130	88.00
1131	88.00
1132	88.00
1133	89.00
1134	89.00
1135	88.00
1136	88.00
1137	88.00
1138	88.00
1139	89.00
1140	89.00
1141	89.00
1142	89.00
1143	89.00
1144	89.00
1145	89.00
1146	89.00
1147	89.00
1148	90.00
1149	90.00
1150	89.00
1151	89.00
1152	89.00
1153	88.00
1154	88.00
1155	88.00
1156	88.00
1157	88.00
1158	88.00
1159	88.00
1160	88.00
1161	88.00
1162	88.00
1163	88.00
1164	88.00
1165	87.00
1166	87.00
1167	86.00
1168	86.00
1169	86.00
1170	85.00
1171	85.00
1172	85.00
1173	85.00
1174	85.00
1175	85.00
1176	85.00
1177	84.00
1178	84.00
1179	84.00
1180	84.00
1181	84.00
1182	84.00
1183	84.00
1184	85.00
1185	85.00
1186	85.00
1187	86.00
1188	86.00
1189	86.00
1190	86.00
1191	86.00
1192	86.00
1193	86.00
1194	86.00
1195	86.00
1196	86.00
1197	86.00
1198	85.00
1199	85.00
1200	85.00
1201	85.00
1202	85.00
1203	85.00
1204	84.00
1205	85.00
1206	85.00
1207	85.00
1208	84.00
1209	83.00
1210	83.00
1211	83.00
1212	83.00
1213	83.00
1214	83.00
1215	83.00
1216	83.00
1217	84.00
1218	84.00
1219	83.00
1220	83.00
1221	83.00
1222	83.00
1223	83.00
1224	83.00
1225	83.00
1226	83.00
1227	84.00
1228	84.00
1229	84.00
1230	84.00
1231	84.00
1232	84.00
1233	84.00
1234	83.00
1235	83.00
1236	83.00
1237	82.00
1238	82.00
1239	82.00
1240	82.00
1241	82.00
1242	81.00
1243	81.00
1244	80.00
1245	79.00
1246	78.00
1247	78.00
1248	78.00
1249	78.00
1250	79.00
1251	79.00
1252	79.00
1253	80.00
1254	80.00
1255	80.00
1256	80.00
1257	79.00
1258	78.00
1259	78.00
1260	78.00
1261	78.00
1262	78.00
1263	77.00
1264	77.00
1265	78.00
1266	77.00
1267	78.00
1268	78.00
1269	78.00
1270	79.00
1271	79.00
1272	78.00
1273	77.00
1274	77.00
1275	77.00
1276	77.00
1277	78.00
1278	78.00
1279	78.00
1280	78.00
1281	77.00
1282	77.00
1283	77.00
1284	77.00
1285	77.00
1286	77.00
1287	77.00
1288	77.00
1289	76.00
1290	76.00
1291	76.00
1292	76.00
1293	75.00
1294	75.00
1295	74.00
1296	74.00
1297	74.00
1298	74.00
1299	74.00
1300	74.00
1301	74.00
1302	74.00
1303	74.00
1304	75.00
1305	75.00
1306	75.00
1307	74.00
1308	75.00
1309	76.00
1310	76.00
1311	76.00
1312	76.00
1313	76.00
1314	76.00
1315	76.00
1316	76.00
1317	76.00
1318	76.00
1319	76.00
1320	76.00
1321	75.00
1322	74.00
1323	75.00
1324	75.00
1325	76.00
1326	76.00
1327	75.00
1328	75.00
1329	75.00
1330	74.00
1331	73.00
1332	72.00
1333	72.00
1334	73.00
1335	74.00
1336	74.00
1337	74.00
1338	74.00
1339	74.00
1340	74.00
1341	74.00
1342	75.00
1343	75.00
1344	76.00
1345	77.00
1346	78.00
1347	78.00
1348	78.00
1349	78.00
1350	78.00
1351	78.00
1352	78.00
1353	78.00
